R: 0.03309677419
S: 0.7421935484
F: 0.03612903226
