R: 0.1037096774
S: 0.5810645161
F: 0.02335483871
