R: 0.04593548387
S: 0.7744193548
F: 0.09680645161
