R: 0.1229677419
S: 0.5166129032
F: 0.0744516129
