R: 0.03309677419
S: 0.2588064516
F: 0.08403225806
