R: 0.07803225806
S: 0.355483871
F: 0.01377419355
