R: 0.1358064516
S: 0.9033225806
F: 0.09680645161
