R: 0.02025806452
S: 0.3877096774
F: 0.01377419355
