R: 0.1293870968
S: 0.2265806452
F: 0.004193548387
