R: 0.01383870968
S: 0.09767741935
F: 0.01696774194
