R: 0.1550645161
S: 0.3232580645
F: 0.05529032258
