R: 0.02025806452
S: 0.9677741935
F: 0.07764516129
