R: 0.1807419355
S: 0.1621290323
F: 0.09680645161
