R: 0.02025806452
S: 0.6132903226
F: 0.05529032258
