R: 0.1422258065
S: 0.645516129
F: 0.06487096774
