R: 0.1743225806
S: 0.09767741935
F: 0.04570967742
