R: 0.06519354839
S: 0.5810645161
F: 0.07764516129
