R: 0.06519354839
S: 0.5166129032
F: 0.001
