R: 0.09087096774
S: 0.03322580645
F: 0.08722580645
