R: 0.007419354839
S: 0.6777419355
F: 0.08403225806
