R: 0.1293870968
S: 0.4521612903
F: 0.06167741935
