R: 0.007419354839
S: 0.4843870968
F: 0.0265483871
