R: 0.1871612903
S: 0.8710967742
F: 0.01377419355
