R: 0.07803225806
S: 0.8388709677
F: 0.01696774194
