R: 0.1293870968
S: 0.8388709677
F: 0.04251612903
