R: 0.1358064516
S: 0.9677741935
F: 0.05848387097
