R: 0.07803225806
S: 0.3232580645
F: 0.02016129032
