R: 0.1165483871
S: 0.9033225806
F: 0.05209677419
