R: 0.001
S: 0.4843870968
F: 0.09680645161
