R: 0.07803225806
S: 0.9677741935
F: 0.09680645161
