R: 0.161483871
S: 0.1299032258
F: 0.0265483871
