R: 0.09729032258
S: 0.8066451613
F: 0.01377419355
