R: 0.07803225806
S: 0.5166129032
F: 0.08722580645
