R: 0.07803225806
S: 0.8066451613
F: 0.09680645161
