R: 0.007419354839
S: 1
F: 0.01058064516
