R: 0.1871612903
S: 0.4843870968
F: 0.07764516129
