R: 0.1101290323
S: 0.6132903226
F: 0.04890322581
