R: 0.09729032258
S: 0.5810645161
F: 0.04570967742
