R: 0.01383870968
S: 0.001
F: 0.08083870968
