R: 0.02025806452
S: 0.09767741935
F: 0.04890322581
