R: 0.02025806452
S: 0.2910322581
F: 0.03293548387
