R: 0.09729032258
S: 0.5166129032
F: 0.05848387097
