R: 0.06519354839
S: 0.2588064516
F: 0.05848387097
