R: 0.09087096774
S: 0.9033225806
F: 0.03293548387
