R: 0.1550645161
S: 0.5810645161
F: 0.09361290323
