R: 0.09087096774
S: 0.6132903226
F: 0.05848387097
