R: 0.04593548387
S: 0.1299032258
F: 0.01377419355
