R: 0.1550645161
S: 0.2910322581
F: 0.1
