R: 0.161483871
S: 0.5488387097
F: 0.08083870968
