R: 0.2
S: 0.7744193548
F: 0.01377419355
