R: 0.1743225806
S: 0.3877096774
F: 0.05848387097
