R: 0.07803225806
S: 0.7744193548
F: 0.09041935484
