R: 0.07803225806
S: 1
F: 0.04570967742
