R: 0.02667741935
S: 0.4843870968
F: 0.07764516129
