R: 0.1743225806
S: 0.001
F: 0.04570967742
