R: 0.09729032258
S: 0.0654516129
F: 0.07125806452
