R: 0.05877419355
S: 0.3232580645
F: 0.09361290323
