R: 0.05877419355
S: 0.4521612903
F: 0.08403225806
