R: 0.04593548387
S: 0.7744193548
F: 0.06167741935
