R: 0.161483871
S: 0.1943548387
F: 0.0744516129
