R: 0.1807419355
S: 0.355483871
F: 0.0744516129
