R: 0.1101290323
S: 0.1621290323
F: 0.001
