R: 0.04593548387
S: 0.8710967742
F: 0.04890322581
