R: 0.1165483871
S: 0.8710967742
F: 0.09680645161
