R: 0.02667741935
S: 0.1299032258
F: 0.06167741935
