R: 0.1935806452
S: 0.4199354839
F: 0.09680645161
