R: 0.1871612903
S: 0.4521612903
F: 0.01377419355
