R: 0.1358064516
S: 0.7421935484
F: 0.0265483871
