R: 0.161483871
S: 0.8388709677
F: 0.04570967742
