R: 0.1679032258
S: 0.7099677419
F: 0.08722580645
