R: 0.09087096774
S: 0.9033225806
F: 0.08722580645
