R: 0.1358064516
S: 0.2910322581
F: 0.001
