R: 0.05235483871
S: 0.8388709677
F: 0.0265483871
