R: 0.1743225806
S: 0.8388709677
F: 0.04251612903
