R: 0.1550645161
S: 0.9355483871
F: 0.02016129032
