R: 0.1229677419
S: 0.1621290323
F: 0.05848387097
