R: 0.1229677419
S: 0.0654516129
F: 0.03932258065
