R: 0.1807419355
S: 0.3877096774
F: 0.09680645161
