R: 0.02667741935
S: 0.4521612903
F: 0.01058064516
