R: 0.02667741935
S: 0.1621290323
F: 0.05529032258
