R: 0.007419354839
S: 0.645516129
F: 0.05529032258
