R: 0.0844516129
S: 0.9033225806
F: 0.06167741935
