R: 0.03309677419
S: 0.8710967742
F: 0.001
