R: 0.2
S: 0.5488387097
F: 0.04570967742
