R: 0.01383870968
S: 0.5810645161
F: 0.08403225806
