R: 0.001
S: 0.7421935484
F: 0.02335483871
