R: 0.2
S: 0.8710967742
F: 0.04570967742
