R: 0.07161290323
S: 0.1621290323
F: 0.06167741935
