R: 0.09087096774
S: 0.2910322581
F: 0.02974193548
