R: 0.1422258065
S: 0.9033225806
F: 0.08083870968
