R: 0.09729032258
S: 1
F: 0.01377419355
