R: 0.007419354839
S: 0.1943548387
F: 0.01377419355
