R: 0.03951612903
S: 0.3232580645
F: 0.01377419355
