R: 0.1293870968
S: 0.6132903226
F: 0.05848387097
