R: 0.05877419355
S: 0.9033225806
F: 0.001
