R: 0.1807419355
S: 0.8710967742
F: 0.07764516129
