R: 0.04593548387
S: 0.4521612903
F: 0.01058064516
