R: 0.1679032258
S: 0.2588064516
F: 0.09680645161
