R: 0.1358064516
S: 0.4199354839
F: 0.004193548387
