R: 0.1743225806
S: 0.03322580645
F: 0.001
