R: 0.1807419355
S: 0.7421935484
F: 0.08722580645
