R: 0.03309677419
S: 0.7099677419
F: 0.05529032258
