R: 0.05877419355
S: 0.4843870968
F: 0.06167741935
