R: 0.1679032258
S: 0.2265806452
F: 0.02016129032
