R: 0.1165483871
S: 0.001
F: 0.004193548387
