R: 0.1037096774
S: 0.001
F: 0.01377419355
