R: 0.05235483871
S: 0.3877096774
F: 0.01696774194
