R: 0.1037096774
S: 0.4199354839
F: 0.07764516129
