R: 0.07161290323
S: 0.9677741935
F: 0.08722580645
