R: 0.05877419355
S: 0.355483871
F: 0.05848387097
