R: 0.1422258065
S: 0.7744193548
F: 0.08083870968
