R: 0.007419354839
S: 0.1299032258
F: 0.04570967742
