R: 0.1935806452
S: 0.645516129
F: 0.07125806452
