R: 0.007419354839
S: 0.8066451613
F: 0.001
