R: 0.1293870968
S: 0.5810645161
F: 0.0265483871
