R: 0.1807419355
S: 0.4843870968
F: 0.04890322581
