R: 0.06519354839
S: 0.9033225806
F: 0.07125806452
