R: 0.2
S: 0.355483871
F: 0.02335483871
