R: 0.0844516129
S: 0.8066451613
F: 0.09041935484
