R: 0.001
S: 0.0654516129
F: 0.08403225806
