R: 0.1871612903
S: 0.0654516129
F: 0.02016129032
