R: 0.1293870968
S: 0.6777419355
F: 0.05529032258
