R: 0.1871612903
S: 0.645516129
F: 0.02974193548
