R: 0.1165483871
S: 0.4199354839
F: 0.0265483871
