R: 0.1101290323
S: 0.8066451613
F: 0.04251612903
