R: 0.1807419355
S: 0.8388709677
F: 0.07125806452
