R: 0.03951612903
S: 0.5810645161
F: 0.06806451613
