R: 0.03309677419
S: 0.1943548387
F: 0.03612903226
