R: 0.09729032258
S: 0.4521612903
F: 0.02974193548
