R: 0.1550645161
S: 0.5166129032
F: 0.02335483871
