R: 0.01383870968
S: 0.4199354839
F: 0.09361290323
