R: 0.09729032258
S: 0.8710967742
F: 0.04890322581
