R: 0.01383870968
S: 0.4199354839
F: 0.03293548387
