R: 0.2
S: 0.2265806452
F: 0.07125806452
