R: 0.07803225806
S: 0.4843870968
F: 0.04890322581
