R: 0.04593548387
S: 0.5488387097
F: 0.07764516129
