R: 0.06519354839
S: 0.2910322581
F: 0.05848387097
