R: 0.04593548387
S: 0.7421935484
F: 0.09361290323
