R: 0.1165483871
S: 0.2910322581
F: 0.007387096774
