R: 0.09729032258
S: 0.5488387097
F: 0.03293548387
