R: 0.1871612903
S: 0.5166129032
F: 0.08403225806
