R: 0.05235483871
S: 0.5488387097
F: 0.02016129032
