R: 0.1935806452
S: 0.6132903226
F: 0.09680645161
