R: 0.07161290323
S: 0.9033225806
F: 0.01058064516
