R: 0.06519354839
S: 0.8066451613
F: 0.02974193548
