R: 0.007419354839
S: 0.7744193548
F: 0.09361290323
