R: 0.03951612903
S: 0.8388709677
F: 0.06806451613
