R: 0.2
S: 0.3877096774
F: 0.01058064516
