R: 0.02667741935
S: 0.5488387097
F: 0.01696774194
