R: 0.007419354839
S: 0.9033225806
F: 0.05848387097
