R: 0.001
S: 0.6132903226
F: 0.06167741935
