R: 0.1165483871
S: 0.8388709677
F: 0.007387096774
