R: 0.1807419355
S: 0.03322580645
F: 0.01696774194
