R: 0.1101290323
S: 0.09767741935
F: 0.08722580645
