R: 0.05235483871
S: 0.6777419355
F: 0.01058064516
