R: 0.1101290323
S: 0.5488387097
F: 0.03293548387
