R: 0.1101290323
S: 0.4199354839
F: 0.07125806452
