R: 0.07803225806
S: 0.0654516129
F: 0.05848387097
