R: 0.09087096774
S: 0.9677741935
F: 0.09680645161
