R: 0.161483871
S: 0.8066451613
F: 0.02974193548
