R: 0.1743225806
S: 0.2265806452
F: 0.04890322581
