R: 0.03951612903
S: 0.4843870968
F: 0.01058064516
