R: 0.05877419355
S: 0.1943548387
F: 0.007387096774
