R: 0.1101290323
S: 0.8710967742
F: 0.01058064516
