R: 0.04593548387
S: 0.2265806452
F: 0.09680645161
