R: 0.1871612903
S: 0.4199354839
F: 0.04570967742
