R: 0.1293870968
S: 0.8066451613
F: 0.08722580645
