R: 0.007419354839
S: 0.09767741935
F: 0.01377419355
