R: 0.1165483871
S: 1
F: 0.09361290323
