R: 0.1486451613
S: 0.5810645161
F: 0.06487096774
