R: 0.05877419355
S: 0.0654516129
F: 0.07764516129
