R: 0.01383870968
S: 0.1943548387
F: 0.06167741935
