R: 0.1422258065
S: 0.8710967742
F: 0.07125806452
