R: 0.1101290323
S: 0.9033225806
F: 0.02974193548
