R: 0.1743225806
S: 0.6132903226
F: 0.03293548387
