R: 0.06519354839
S: 0.5488387097
F: 0.08722580645
