R: 0.09087096774
S: 0.4521612903
F: 0.07125806452
