R: 0.09729032258
S: 0.001
F: 0.0265483871
