R: 0.007419354839
S: 0.6132903226
F: 0.09680645161
