R: 0.07161290323
S: 0.001
F: 0.07125806452
