R: 0.02667741935
S: 0.2588064516
F: 0.01058064516
