R: 0.04593548387
S: 0.4843870968
F: 0.0744516129
