R: 0.07803225806
S: 0.1943548387
F: 0.06806451613
