R: 0.1807419355
S: 0.0654516129
F: 0.004193548387
