R: 0.0844516129
S: 0.2588064516
F: 0.004193548387
