R: 0.1358064516
S: 0.645516129
F: 0.05529032258
