R: 0.1037096774
S: 0.8388709677
F: 0.08083870968
