R: 0.02025806452
S: 0.5488387097
F: 0.06167741935
