R: 0.1293870968
S: 0.645516129
F: 0.07764516129
