R: 0.02667741935
S: 0.8388709677
F: 0.02335483871
