R: 0.06519354839
S: 0.7421935484
F: 0.01696774194
