R: 0.1486451613
S: 0.9033225806
F: 0.09361290323
