R: 0.2
S: 0.645516129
F: 0.08083870968
