R: 0.1935806452
S: 0.1621290323
F: 0.04570967742
