R: 0.04593548387
S: 0.4199354839
F: 0.03293548387
