R: 0.03951612903
S: 0.4199354839
F: 0.02016129032
