R: 0.09729032258
S: 0.3877096774
F: 0.01377419355
