R: 0.09729032258
S: 0.4843870968
F: 0.05209677419
