R: 0.1358064516
S: 0.5166129032
F: 0.04570967742
