R: 0.007419354839
S: 0.3232580645
F: 0.05848387097
