R: 0.02025806452
S: 0.645516129
F: 0.004193548387
