R: 0.1422258065
S: 0.5166129032
F: 0.05209677419
