R: 0.2
S: 0.03322580645
F: 0.04890322581
