R: 0.1229677419
S: 0.09767741935
F: 0.001
