R: 0.1422258065
S: 0.4843870968
F: 0.0265483871
