R: 0.2
S: 0.6132903226
F: 0.08722580645
