R: 0.02025806452
S: 0.8066451613
F: 0.004193548387
