R: 0.1165483871
S: 0.355483871
F: 0.02016129032
