R: 0.05235483871
S: 0.7099677419
F: 0.0744516129
