R: 0.02025806452
S: 0.9033225806
F: 0.08403225806
