R: 0.2
S: 0.1621290323
F: 0.004193548387
