R: 0.07803225806
S: 0.3877096774
F: 0.04890322581
