R: 0.0844516129
S: 0.0654516129
F: 0.01377419355
