R: 0.1037096774
S: 0.9033225806
F: 0.1
