R: 0.1935806452
S: 1
F: 0.01377419355
