R: 0.1935806452
S: 0.7421935484
F: 0.0744516129
