R: 0.2
S: 0.3877096774
F: 0.02335483871
