R: 0.001
S: 0.8066451613
F: 0.09680645161
