R: 0.0844516129
S: 0.2265806452
F: 0.07764516129
