R: 0.04593548387
S: 0.355483871
F: 0.06806451613
