R: 0.1358064516
S: 0.09767741935
F: 0.08403225806
