R: 0.01383870968
S: 0.1299032258
F: 0.03293548387
