R: 0.1743225806
S: 0.4199354839
F: 0.01696774194
