R: 0.161483871
S: 0.2265806452
F: 0.04251612903
