R: 0.1871612903
S: 0.1299032258
F: 0.04570967742
