R: 0.05235483871
S: 0.1943548387
F: 0.07764516129
