R: 0.1743225806
S: 1
F: 0.01696774194
