R: 0.07803225806
S: 0.2910322581
F: 0.04570967742
