R: 0.1101290323
S: 0.2588064516
F: 0.0744516129
