R: 0.001
S: 0.3877096774
F: 0.08403225806
