R: 0.07803225806
S: 0.4521612903
F: 0.08403225806
