R: 0.001
S: 0.9033225806
F: 0.09361290323
