R: 0.1422258065
S: 0.001
F: 0.07764516129
