R: 0.06519354839
S: 0.7744193548
F: 0.004193548387
