R: 0.04593548387
S: 0.6777419355
F: 0.02974193548
