R: 0.07161290323
S: 0.8066451613
F: 0.08722580645
