R: 0.161483871
S: 0.7744193548
F: 0.05529032258
