R: 0.02667741935
S: 0.9033225806
F: 0.07125806452
