R: 0.001
S: 0.7099677419
F: 0.007387096774
