R: 0.09087096774
S: 0.09767741935
F: 0.02335483871
