R: 0.007419354839
S: 0.355483871
F: 0.04251612903
