R: 0.03951612903
S: 0.8710967742
F: 0.007387096774
