R: 0.01383870968
S: 0.7744193548
F: 0.02974193548
