R: 0.1486451613
S: 0.001
F: 0.05848387097
