R: 0.06519354839
S: 0.03322580645
F: 0.06167741935
