R: 0.1229677419
S: 0.5810645161
F: 0.04251612903
