R: 0.1550645161
S: 0.8388709677
F: 0.05529032258
