R: 0.05235483871
S: 0.2588064516
F: 0.03293548387
