R: 0.1358064516
S: 0.7744193548
F: 0.07125806452
