R: 0.02025806452
S: 0.3232580645
F: 0.06487096774
