R: 0.01383870968
S: 0.3232580645
F: 0.08722580645
