R: 0.05235483871
S: 0.2265806452
F: 0.01058064516
