R: 0.1871612903
S: 0.8388709677
F: 0.03612903226
