R: 0.001
S: 0.3232580645
F: 0.09361290323
