R: 0.06519354839
S: 0.1299032258
F: 0.01058064516
