R: 0.1229677419
S: 0.9677741935
F: 0.08722580645
