R: 0.02025806452
S: 0.7099677419
F: 0.004193548387
