R: 0.09087096774
S: 0.3877096774
F: 0.05209677419
