R: 0.1935806452
S: 0.7099677419
F: 0.1
