R: 0.007419354839
S: 0.2910322581
F: 0.0265483871
