R: 0.1422258065
S: 0.7421935484
F: 0.06806451613
