R: 0.1743225806
S: 0.5488387097
F: 0.0265483871
