R: 0.161483871
S: 0.9677741935
F: 0.07125806452
