R: 0.09729032258
S: 0.001
F: 0.07764516129
