R: 0.07161290323
S: 1
F: 0.04570967742
