R: 0.1229677419
S: 0.7744193548
F: 0.09041935484
