R: 0.1037096774
S: 0.7421935484
F: 0.0744516129
