R: 0.07803225806
S: 0.2588064516
F: 0.07764516129
