R: 0.1935806452
S: 0.355483871
F: 0.03612903226
