R: 0.1422258065
S: 0.4199354839
F: 0.07125806452
