R: 0.03951612903
S: 0.1299032258
F: 0.07764516129
