R: 0.05877419355
S: 0.8388709677
F: 0.1
