R: 0.04593548387
S: 0.2265806452
F: 0.06167741935
