R: 0.06519354839
S: 0.8710967742
F: 0.004193548387
