R: 0.1486451613
S: 0.5166129032
F: 0.01058064516
