R: 0.1422258065
S: 0.03322580645
F: 0.09361290323
