R: 0.1486451613
S: 0.3232580645
F: 0.06487096774
