R: 0.1871612903
S: 0.2265806452
F: 0.05209677419
