R: 0.1037096774
S: 0.2910322581
F: 0.05848387097
