R: 0.1293870968
S: 0.2910322581
F: 0.09041935484
