R: 0.1422258065
S: 0.6132903226
F: 0.07764516129
