R: 0.04593548387
S: 0.09767741935
F: 0.06167741935
