R: 0.03951612903
S: 0.1299032258
F: 0.0744516129
