R: 0.1935806452
S: 0.9677741935
F: 0.09680645161
