R: 0.02667741935
S: 0.5166129032
F: 0.09041935484
