R: 0.07161290323
S: 0.0654516129
F: 0.06806451613
