R: 0.1550645161
S: 0.1943548387
F: 0.0265483871
