R: 0.1165483871
S: 0.7099677419
F: 0.05209677419
