R: 0.06519354839
S: 0.1943548387
F: 0.02016129032
