R: 0.1293870968
S: 1
F: 0.06167741935
