R: 0.06519354839
S: 0.9355483871
F: 0.09041935484
