R: 0.09087096774
S: 0.1299032258
F: 0.02335483871
