R: 0.07803225806
S: 0.355483871
F: 0.02335483871
