R: 0.1486451613
S: 0.8710967742
F: 0.07764516129
