R: 0.09729032258
S: 0.6132903226
F: 0.06806451613
