R: 0.09729032258
S: 0.355483871
F: 0.07125806452
