R: 0.1550645161
S: 0.8066451613
F: 0.05848387097
