R: 0.0844516129
S: 0.4521612903
F: 0.1
