R: 0.1935806452
S: 0.0654516129
F: 0.01377419355
