R: 0.1935806452
S: 0.8388709677
F: 0.02335483871
