R: 0.1486451613
S: 0.8388709677
F: 0.06806451613
