R: 0.07161290323
S: 0.7099677419
F: 0.08083870968
