R: 0.04593548387
S: 0.8066451613
F: 0.04890322581
