R: 0.1679032258
S: 0.6132903226
F: 0.1
