R: 0.03951612903
S: 0.5488387097
F: 0.02974193548
