R: 0.1358064516
S: 0.4521612903
F: 0.08722580645
