R: 0.04593548387
S: 1
F: 0.09361290323
