R: 0.0844516129
S: 0.7099677419
F: 0.03932258065
