R: 0.02025806452
S: 0.9033225806
F: 0.01377419355
