R: 0.02667741935
S: 0.7744193548
F: 0.09680645161
