R: 0.1422258065
S: 0.4843870968
F: 0.09361290323
