R: 0.09087096774
S: 1
F: 0.03612903226
