R: 0.02667741935
S: 0.7421935484
F: 0.0744516129
