R: 0.1550645161
S: 0.0654516129
F: 0.1
