R: 0.05235483871
S: 0.7744193548
F: 0.05209677419
