R: 0.1422258065
S: 0.6777419355
F: 0.08722580645
