R: 0.01383870968
S: 0.6132903226
F: 0.08722580645
