R: 0.01383870968
S: 0.9355483871
F: 0.04570967742
