R: 0.1422258065
S: 0.5488387097
F: 0.02974193548
