R: 0.05235483871
S: 0.8066451613
F: 0.03932258065
