R: 0.161483871
S: 1
F: 0.04570967742
