R: 0.001
S: 0.09767741935
F: 0.05529032258
