R: 0.1293870968
S: 0.7421935484
F: 0.004193548387
