R: 0.06519354839
S: 0.7099677419
F: 0.06806451613
