R: 0.001
S: 0.4843870968
F: 0.08722580645
