R: 0.1229677419
S: 0.2588064516
F: 0.02974193548
