R: 0.06519354839
S: 0.355483871
F: 0.07125806452
