R: 0.1229677419
S: 0.6132903226
F: 0.06487096774
