R: 0.04593548387
S: 0.1943548387
F: 0.0265483871
