R: 0.07161290323
S: 0.8710967742
F: 0.04251612903
