R: 0.01383870968
S: 0.7421935484
F: 0.07125806452
