R: 0.1743225806
S: 0.645516129
F: 0.05529032258
