R: 0.01383870968
S: 0.2588064516
F: 0.09361290323
