R: 0.07161290323
S: 0.09767741935
F: 0.04890322581
