R: 0.1358064516
S: 0.5810645161
F: 0.03612903226
