R: 0.03309677419
S: 1
F: 0.09361290323
