R: 0.2
S: 0.0654516129
F: 0.01058064516
