R: 0.001
S: 0.5810645161
F: 0.08083870968
