R: 0.04593548387
S: 0.9033225806
F: 0.03932258065
