R: 0.1550645161
S: 0.9677741935
F: 0.02335483871
