R: 0.06519354839
S: 0.2265806452
F: 0.05529032258
