R: 0.001
S: 0.5166129032
F: 0.04251612903
