R: 0.04593548387
S: 0.645516129
F: 0.02335483871
