R: 0.02025806452
S: 0.2265806452
F: 0.07764516129
