R: 0.1037096774
S: 0.645516129
F: 0.09361290323
