R: 0.007419354839
S: 0.7099677419
F: 0.03612903226
