R: 0.04593548387
S: 0.9355483871
F: 0.04570967742
