R: 0.01383870968
S: 1
F: 0.0265483871
