R: 0.1807419355
S: 0.5488387097
F: 0.07764516129
