R: 0.09729032258
S: 0.5488387097
F: 0.05848387097
