R: 0.1293870968
S: 0.1299032258
F: 0.02335483871
