R: 0.1743225806
S: 0.5166129032
F: 0.06167741935
