R: 0.03951612903
S: 0.0654516129
F: 0.004193548387
