R: 0.1486451613
S: 0.7744193548
F: 0.004193548387
