R: 0.2
S: 0.355483871
F: 0.05209677419
