R: 0.1422258065
S: 0.5810645161
F: 0.01377419355
