R: 0.1679032258
S: 0.5488387097
F: 0.04890322581
