R: 0.1743225806
S: 0.5810645161
F: 0.03932258065
