R: 0.02667741935
S: 0.3877096774
F: 0.04890322581
