R: 0.1679032258
S: 0.8388709677
F: 0.01058064516
