R: 0.1422258065
S: 0.2910322581
F: 0.02335483871
