R: 0.03951612903
S: 0.9355483871
F: 0.08083870968
