R: 0.1679032258
S: 0.4521612903
F: 0.01058064516
