R: 0.1807419355
S: 0.8066451613
F: 0.03612903226
