R: 0.02025806452
S: 0.8388709677
F: 0.09361290323
