R: 0.001
S: 0.5488387097
F: 0.05209677419
