R: 0.09087096774
S: 0.001
F: 0.04251612903
