R: 0.07161290323
S: 0.1299032258
F: 0.01058064516
