R: 0.07803225806
S: 0.2265806452
F: 0.02335483871
