R: 0.1101290323
S: 0.3877096774
F: 0.06487096774
