R: 0.1807419355
S: 0.6132903226
F: 0.05209677419
