R: 0.1422258065
S: 0.8388709677
F: 0.0265483871
