R: 0.1486451613
S: 0.2265806452
F: 0.03612903226
