R: 0.07803225806
S: 0.7099677419
F: 0.04251612903
