R: 0.161483871
S: 0.7099677419
F: 0.01696774194
