R: 0.03309677419
S: 0.9355483871
F: 0.02016129032
