R: 0.1422258065
S: 0.2265806452
F: 0.1
