R: 0.1550645161
S: 0.1299032258
F: 0.1
