R: 0.07161290323
S: 0.3877096774
F: 0.09041935484
