R: 0.02025806452
S: 0.001
F: 0.05848387097
