R: 0.1293870968
S: 0.5488387097
F: 0.08083870968
