R: 0.007419354839
S: 0.9677741935
F: 0.09680645161
