R: 0.05877419355
S: 0.6777419355
F: 0.01377419355
