R: 0.161483871
S: 0.2588064516
F: 0.02335483871
