R: 0.05235483871
S: 0.5810645161
F: 0.02016129032
