R: 0.02667741935
S: 0.8066451613
F: 0.0265483871
