R: 0.01383870968
S: 0.7421935484
F: 0.03932258065
