R: 0.161483871
S: 0.1621290323
F: 0.08083870968
