R: 0.05877419355
S: 0.645516129
F: 0.04251612903
