R: 0.007419354839
S: 0.8710967742
F: 0.05209677419
