R: 0.09087096774
S: 0.7744193548
F: 0.1
