R: 0.03951612903
S: 0.3877096774
F: 0.03293548387
