R: 0.03951612903
S: 0.9033225806
F: 0.05209677419
