R: 0.001
S: 0.9355483871
F: 0.01696774194
