R: 0.09087096774
S: 0.355483871
F: 0.007387096774
