R: 0.1101290323
S: 0.7421935484
F: 0.0744516129
