R: 0.03309677419
S: 0.03322580645
F: 0.004193548387
