R: 0.02025806452
S: 0.355483871
F: 0.04890322581
