R: 0.1422258065
S: 0.8066451613
F: 0.05529032258
