R: 0.1935806452
S: 0.09767741935
F: 0.09041935484
