R: 0.1165483871
S: 0.4843870968
F: 0.02016129032
