R: 0.09087096774
S: 0.5166129032
F: 0.05848387097
