R: 0.0844516129
S: 0.355483871
F: 0.01377419355
