R: 0.2
S: 0.8066451613
F: 0.07764516129
