R: 0.007419354839
S: 0.8388709677
F: 0.004193548387
