R: 0.1679032258
S: 0.355483871
F: 0.08722580645
