R: 0.03951612903
S: 0.2588064516
F: 0.03293548387
