R: 0.01383870968
S: 0.6777419355
F: 0.0265483871
