R: 0.09087096774
S: 0.645516129
F: 0.0744516129
