R: 0.07803225806
S: 0.1299032258
F: 0.05209677419
