R: 0.1422258065
S: 0.355483871
F: 0.0744516129
