R: 0.1293870968
S: 0.7421935484
F: 0.09361290323
