R: 0.001
S: 0.03322580645
F: 0.0744516129
