R: 0.1037096774
S: 0.4843870968
F: 0.05848387097
