R: 0.1486451613
S: 0.2910322581
F: 0.09680645161
