R: 0.161483871
S: 0.9355483871
F: 0.05848387097
