R: 0.007419354839
S: 0.5166129032
F: 0.02016129032
