R: 0.1743225806
S: 0.7744193548
F: 0.06806451613
