R: 0.1743225806
S: 0.0654516129
F: 0.07764516129
