R: 0.1679032258
S: 0.1943548387
F: 0.09041935484
