R: 0.161483871
S: 0.7421935484
F: 0.02016129032
