R: 0.2
S: 0.2910322581
F: 0.03932258065
