R: 0.06519354839
S: 0.001
F: 0.09361290323
