R: 0.1486451613
S: 0.1943548387
F: 0.05209677419
