R: 0.1935806452
S: 0.7744193548
F: 0.05209677419
