R: 0.1550645161
S: 0.3232580645
F: 0.08722580645
