R: 0.2
S: 0.2265806452
F: 0.04890322581
