R: 0.05877419355
S: 0.2910322581
F: 0.07125806452
