R: 0.1679032258
S: 0.9355483871
F: 0.02335483871
