R: 0.1935806452
S: 0.3877096774
F: 0.05848387097
