R: 0.1358064516
S: 0.2265806452
F: 0.02335483871
