R: 0.03309677419
S: 0.001
F: 0.08403225806
