R: 0.1037096774
S: 0.355483871
F: 0.07125806452
