R: 0.1871612903
S: 0.9677741935
F: 0.0744516129
