R: 0.1037096774
S: 0.7421935484
F: 0.02016129032
