R: 0.06519354839
S: 0.6777419355
F: 0.06487096774
