R: 0.1679032258
S: 0.2265806452
F: 0.03612903226
