R: 0.09087096774
S: 0.4199354839
F: 0.05209677419
