R: 0.06519354839
S: 0.1621290323
F: 0.05209677419
