R: 0.1743225806
S: 0.355483871
F: 0.07764516129
