R: 0.04593548387
S: 0.1621290323
F: 0.05209677419
