R: 0.1871612903
S: 0.2588064516
F: 0.09361290323
