R: 0.2
S: 0.4199354839
F: 0.04890322581
