R: 0.1229677419
S: 0.2910322581
F: 0.03293548387
