R: 0.09729032258
S: 0.1943548387
F: 0.05529032258
