R: 0.1935806452
S: 0.1299032258
F: 0.07125806452
