R: 0.09729032258
S: 0.7744193548
F: 0.03293548387
