R: 0.0844516129
S: 0.6777419355
F: 0.09361290323
