R: 0.07161290323
S: 0.9355483871
F: 0.1
