R: 0.1229677419
S: 1
F: 0.04570967742
