R: 0.1871612903
S: 1
F: 0.0265483871
