R: 0.1807419355
S: 0.1299032258
F: 0.05209677419
