R: 0.1101290323
S: 0.1943548387
F: 0.09680645161
