R: 0.05235483871
S: 0.9355483871
F: 0.07125806452
