R: 0.06519354839
S: 0.0654516129
F: 0.05848387097
