R: 0.1743225806
S: 0.1943548387
F: 0.09361290323
