R: 0.1293870968
S: 1
F: 0.01696774194
