R: 0.1550645161
S: 1
F: 0.01696774194
