R: 0.1037096774
S: 0.3232580645
F: 0.09361290323
