R: 0.1358064516
S: 0.2588064516
F: 0.09361290323
