R: 0.1293870968
S: 0.3877096774
F: 0.001
