R: 0.07803225806
S: 0.6777419355
F: 0.08083870968
