R: 0.1229677419
S: 0.8710967742
F: 0.04570967742
