R: 0.1679032258
S: 0.4843870968
F: 0.04570967742
