R: 0.1229677419
S: 0.5488387097
F: 0.01377419355
