R: 0.04593548387
S: 0.4521612903
F: 0.05848387097
