R: 0.2
S: 0.0654516129
F: 0.08403225806
