R: 0.1935806452
S: 0.03322580645
F: 0.01377419355
