R: 0.161483871
S: 0.03322580645
F: 0.04890322581
