R: 0.1293870968
S: 0.9033225806
F: 0.02335483871
