R: 0.1935806452
S: 0.4843870968
F: 0.04570967742
