R: 0.04593548387
S: 0.2910322581
F: 0.0744516129
