R: 0.06519354839
S: 0.6132903226
F: 0.09041935484
