R: 0.01383870968
S: 0.4843870968
F: 0.07125806452
