R: 0.09729032258
S: 0.8388709677
F: 0.08722580645
