R: 0.1679032258
S: 0.7744193548
F: 0.02016129032
