R: 0.05877419355
S: 0.03322580645
F: 0.01696774194
