R: 0.1101290323
S: 0.4843870968
F: 0.004193548387
