R: 0.1807419355
S: 1
F: 0.09361290323
