R: 0.0844516129
S: 0.4199354839
F: 0.0744516129
