R: 0.1422258065
S: 0.4521612903
F: 0.04251612903
