R: 0.07803225806
S: 0.5810645161
F: 0.01696774194
