R: 0.09087096774
S: 0.5810645161
F: 0.04251612903
