R: 0.05235483871
S: 0.6132903226
F: 0.06487096774
