R: 0.1486451613
S: 0.6132903226
F: 0.02974193548
