R: 0.05235483871
S: 0.7421935484
F: 0.07125806452
