R: 0.1358064516
S: 0.1299032258
F: 0.08083870968
