R: 0.04593548387
S: 0.8710967742
F: 0.08722580645
