R: 0.09087096774
S: 0.6777419355
F: 0.04251612903
