R: 0.1550645161
S: 0.7744193548
F: 0.05848387097
