R: 0.05235483871
S: 1
F: 0.04890322581
