R: 0.09729032258
S: 0.7421935484
F: 0.05529032258
