R: 0.03951612903
S: 0.4521612903
F: 0.03932258065
