R: 0.09087096774
S: 0.4843870968
F: 0.0744516129
