R: 0.07803225806
S: 0.6132903226
F: 0.05529032258
