R: 0.01383870968
S: 0.8388709677
F: 0.1
