R: 0.09087096774
S: 0.2265806452
F: 0.01058064516
