R: 0.0844516129
S: 0.5488387097
F: 0.004193548387
