R: 0.03951612903
S: 0.6132903226
F: 0.02335483871
