R: 0.04593548387
S: 0.7099677419
F: 0.05848387097
