R: 0.05877419355
S: 0.7744193548
F: 0.001
