R: 0.1486451613
S: 0.1621290323
F: 0.007387096774
