R: 0.05235483871
S: 0.645516129
F: 0.08403225806
