R: 0.03309677419
S: 0.5488387097
F: 0.03293548387
