R: 0.05877419355
S: 0.5810645161
F: 0.01377419355
