R: 0.02025806452
S: 0.9355483871
F: 0.08722580645
