R: 0.01383870968
S: 0.2910322581
F: 0.04251612903
