R: 0.2
S: 0.7099677419
F: 0.04570967742
