R: 0.1358064516
S: 0.1621290323
F: 0.02016129032
