R: 0.1358064516
S: 0.6132903226
F: 0.08403225806
