R: 0.0844516129
S: 0.9355483871
F: 0.03293548387
