R: 0.001
S: 0.2910322581
F: 0.02335483871
