R: 0.09087096774
S: 0.3232580645
F: 0.06167741935
