R: 0.1935806452
S: 0.9033225806
F: 0.08722580645
