R: 0.1743225806
S: 0.8066451613
F: 0.0744516129
