R: 0.1037096774
S: 0.1299032258
F: 0.01696774194
