R: 0.1101290323
S: 0.2265806452
F: 0.06167741935
