R: 0.07803225806
S: 0.8710967742
F: 0.0744516129
