R: 0.1101290323
S: 1
F: 0.08722580645
