R: 0.06519354839
S: 0.4521612903
F: 0.02335483871
