R: 0.01383870968
S: 0.1299032258
F: 0.05209677419
