R: 0.1679032258
S: 0.3232580645
F: 0.05848387097
