R: 0.03309677419
S: 0.2265806452
F: 0.08722580645
