R: 0.07803225806
S: 1
F: 0.02974193548
