R: 0.07161290323
S: 0.7421935484
F: 0.06167741935
