R: 0.03951612903
S: 0.001
F: 0.05529032258
