R: 0.161483871
S: 0.4199354839
F: 0.01377419355
