R: 0.1550645161
S: 0.2588064516
F: 0.09680645161
