R: 0.05877419355
S: 0.6132903226
F: 0.03932258065
