R: 0.1871612903
S: 0.03322580645
F: 0.1
