R: 0.09087096774
S: 0.9355483871
F: 0.001
