R: 0.01383870968
S: 0.4521612903
F: 0.02016129032
