R: 0.1935806452
S: 0.3232580645
F: 0.01696774194
