R: 0.03951612903
S: 0.001
F: 0.004193548387
