R: 0.1037096774
S: 0.6132903226
F: 0.02974193548
