R: 0.1101290323
S: 0.9355483871
F: 0.03932258065
