R: 0.07161290323
S: 0.6777419355
F: 0.01377419355
