R: 0.07803225806
S: 1
F: 0.08722580645
