R: 0.1037096774
S: 0.3877096774
F: 0.03293548387
