R: 0.03951612903
S: 0.355483871
F: 0.05848387097
