R: 0.1935806452
S: 0.001
F: 0.08722580645
