R: 0.06519354839
S: 0.4843870968
F: 0.08722580645
