R: 0.1165483871
S: 0.09767741935
F: 0.08083870968
