R: 0.1871612903
S: 0.5488387097
F: 0.03612903226
