R: 0.07161290323
S: 0.4199354839
F: 0.04570967742
