R: 0.05877419355
S: 0.2265806452
F: 0.09041935484
