R: 0.1550645161
S: 0.1621290323
F: 0.05209677419
