R: 0.07161290323
S: 0.2910322581
F: 0.08722580645
