R: 0.1807419355
S: 0.9033225806
F: 0.01377419355
