R: 0.1037096774
S: 0.0654516129
F: 0.01696774194
