R: 0.1486451613
S: 1
F: 0.05529032258
