R: 0.007419354839
S: 0.2588064516
F: 0.03932258065
