R: 0.05235483871
S: 0.8710967742
F: 0.07125806452
