R: 0.05235483871
S: 0.0654516129
F: 0.06806451613
