R: 0.1871612903
S: 0.001
F: 0.02335483871
