R: 0.09729032258
S: 0.03322580645
F: 0.0265483871
