R: 0.1935806452
S: 0.9033225806
F: 0.02335483871
