R: 0.1550645161
S: 0.4521612903
F: 0.0265483871
