R: 0.0844516129
S: 0.001
F: 0.02335483871
