R: 0.1679032258
S: 1
F: 0.05529032258
