R: 0.02667741935
S: 0.2265806452
F: 0.03612903226
