R: 0.007419354839
S: 0.645516129
F: 0.06806451613
