R: 0.007419354839
S: 0.1621290323
F: 0.03612903226
