R: 0.1550645161
S: 0.8710967742
F: 0.004193548387
