R: 0.02667741935
S: 0.6132903226
F: 0.07125806452
