R: 0.1871612903
S: 0.5810645161
F: 0.0265483871
