R: 0.07803225806
S: 0.5488387097
F: 0.06167741935
