R: 0.1486451613
S: 0.6777419355
F: 0.004193548387
