R: 0.1679032258
S: 0.645516129
F: 0.001
