R: 0.1165483871
S: 0.1299032258
F: 0.05848387097
