R: 0.09729032258
S: 0.4199354839
F: 0.07764516129
