R: 0.001
S: 0.7744193548
F: 0.01058064516
