R: 0.1358064516
S: 0.0654516129
F: 0.07125806452
