R: 0.03951612903
S: 0.0654516129
F: 0.05848387097
