R: 0.1807419355
S: 0.7099677419
F: 0.07125806452
