R: 0.1679032258
S: 0.1621290323
F: 0.0744516129
