R: 0.007419354839
S: 0.4199354839
F: 0.0744516129
