R: 0.001
S: 0.6132903226
F: 0.01696774194
