R: 0.07803225806
S: 0.9033225806
F: 0.08403225806
