R: 0.1293870968
S: 0.09767741935
F: 0.04570967742
