R: 0.09729032258
S: 0.6777419355
F: 0.05209677419
