R: 0.161483871
S: 0.4843870968
F: 0.09680645161
