R: 0.05877419355
S: 0.5488387097
F: 0.09361290323
