R: 0.007419354839
S: 0.001
F: 0.02974193548
