R: 0.09087096774
S: 0.8388709677
F: 0.1
