R: 0.02667741935
S: 0.5810645161
F: 0.01377419355
