R: 0.03951612903
S: 0.7421935484
F: 0.08083870968
