R: 0.1422258065
S: 0.9677741935
F: 0.06167741935
