R: 0.01383870968
S: 0.9677741935
F: 0.0265483871
