R: 0.1037096774
S: 0.8066451613
F: 0.0744516129
