R: 0.1165483871
S: 0.645516129
F: 0.06487096774
