R: 0.1422258065
S: 0.7099677419
F: 0.09041935484
