R: 0.007419354839
S: 0.9355483871
F: 0.01377419355
