R: 0.03951612903
S: 0.645516129
F: 0.06487096774
