R: 0.03309677419
S: 0.4521612903
F: 0.09361290323
