R: 0.1229677419
S: 0.355483871
F: 0.08722580645
