R: 0.1229677419
S: 0.1299032258
F: 0.03932258065
