R: 0.1229677419
S: 0.355483871
F: 0.03932258065
