R: 0.03309677419
S: 0.5810645161
F: 0.1
