R: 0.07161290323
S: 0.4521612903
F: 0.07125806452
