R: 0.04593548387
S: 0.3232580645
F: 0.08083870968
