R: 0.007419354839
S: 0.5488387097
F: 0.01377419355
