R: 0.02667741935
S: 0.2910322581
F: 0.004193548387
