R: 0.161483871
S: 1
F: 0.02974193548
