R: 0.09729032258
S: 0.4199354839
F: 0.09361290323
