R: 0.02667741935
S: 0.4199354839
F: 0.03293548387
