R: 0.1550645161
S: 0.7099677419
F: 0.07125806452
