R: 0.09729032258
S: 0.7099677419
F: 0.05209677419
