R: 0.07803225806
S: 0.645516129
F: 0.08722580645
