R: 0.1743225806
S: 0.3232580645
F: 0.09361290323
