R: 0.06519354839
S: 0.2588064516
F: 0.04890322581
