R: 0.1807419355
S: 0.645516129
F: 0.0744516129
