R: 0.1807419355
S: 0.9033225806
F: 0.08722580645
