R: 0.07161290323
S: 0.5166129032
F: 0.08083870968
