R: 0.1229677419
S: 0.03322580645
F: 0.01058064516
