R: 0.1037096774
S: 0.2265806452
F: 0.03293548387
