R: 0.1293870968
S: 0.2588064516
F: 0.02974193548
