R: 0.1101290323
S: 0.5810645161
F: 0.09361290323
