R: 0.05877419355
S: 1
F: 0.007387096774
