R: 0.1229677419
S: 0.645516129
F: 0.05848387097
