R: 0.0844516129
S: 0.1943548387
F: 0.001
