R: 0.001
S: 0.645516129
F: 0.007387096774
