R: 0.1679032258
S: 0.1299032258
F: 0.02016129032
