R: 0.05877419355
S: 0.1621290323
F: 0.01377419355
