R: 0.1101290323
S: 0.0654516129
F: 0.05848387097
