R: 0.02025806452
S: 0.0654516129
F: 0.04251612903
