R: 0.02667741935
S: 0.8710967742
F: 0.0744516129
