R: 0.161483871
S: 0.3232580645
F: 0.09361290323
