R: 0.09087096774
S: 0.1943548387
F: 0.08722580645
