R: 0.05877419355
S: 0.7099677419
F: 0.01058064516
