R: 0.001
S: 0.2910322581
F: 0.04251612903
