R: 0.06519354839
S: 0.8066451613
F: 0.08722580645
