R: 0.161483871
S: 0.0654516129
F: 0.02016129032
