R: 0.02667741935
S: 0.3232580645
F: 0.09680645161
