R: 0.1037096774
S: 1
F: 0.03932258065
