R: 0.03309677419
S: 0.6132903226
F: 0.02974193548
