R: 0.03951612903
S: 0.2265806452
F: 0.09680645161
