R: 0.1550645161
S: 0.7421935484
F: 0.0744516129
