R: 0.001
S: 0.9033225806
F: 0.08722580645
