R: 0.1358064516
S: 0.8388709677
F: 0.0265483871
