R: 0.04593548387
S: 0.5810645161
F: 0.06487096774
