R: 0.001
S: 0.355483871
F: 0.01377419355
