R: 0.001
S: 0.7421935484
F: 0.01696774194
