R: 0.04593548387
S: 1
F: 0.0265483871
