R: 0.04593548387
S: 0.0654516129
F: 0.05209677419
