R: 0.03309677419
S: 0.645516129
F: 0.09361290323
