R: 0.1165483871
S: 0.3877096774
F: 0.09361290323
