R: 0.1165483871
S: 0.0654516129
F: 0.03932258065
