R: 0.1743225806
S: 0.7421935484
F: 0.09361290323
