R: 0.1101290323
S: 0.355483871
F: 0.0265483871
