R: 0.007419354839
S: 0.4521612903
F: 0.004193548387
