R: 0.1550645161
S: 0.355483871
F: 0.001
