R: 0.1037096774
S: 0.2588064516
F: 0.0744516129
