R: 0.07161290323
S: 0.8388709677
F: 0.06487096774
