R: 0.1422258065
S: 0.09767741935
F: 0.09361290323
