R: 0.2
S: 0.7421935484
F: 0.0744516129
