R: 0.161483871
S: 0.5166129032
F: 0.04890322581
