R: 0.1550645161
S: 0.09767741935
F: 0.08403225806
