R: 0.06519354839
S: 0.3877096774
F: 0.05848387097
