R: 0.1679032258
S: 0.5166129032
F: 0.004193548387
