R: 0.1743225806
S: 0.1299032258
F: 0.09361290323
