R: 0.02025806452
S: 0.4199354839
F: 0.004193548387
