R: 0.1486451613
S: 0.3877096774
F: 0.0265483871
