R: 0.161483871
S: 0.6777419355
F: 0.0265483871
