R: 0.0844516129
S: 0.1299032258
F: 0.01377419355
