R: 0.1422258065
S: 0.1943548387
F: 0.004193548387
