R: 0.001
S: 0.2265806452
F: 0.04890322581
