R: 0.01383870968
S: 0.355483871
F: 0.09680645161
