R: 0.07161290323
S: 0.4843870968
F: 0.08083870968
