R: 0.1486451613
S: 0.03322580645
F: 0.0265483871
