R: 0.1871612903
S: 0.2910322581
F: 0.02335483871
