R: 0.03951612903
S: 0.7744193548
F: 0.02335483871
