R: 0.05877419355
S: 0.8710967742
F: 0.08403225806
