R: 0.07803225806
S: 0.7421935484
F: 0.06806451613
