R: 0.04593548387
S: 0.2588064516
F: 0.02016129032
