R: 0.03309677419
S: 0.9033225806
F: 0.01058064516
