R: 0.1486451613
S: 0.1299032258
F: 0.0265483871
