R: 0.001
S: 0.6777419355
F: 0.09680645161
