R: 0.1037096774
S: 0.001
F: 0.09041935484
