R: 0.1743225806
S: 0.8710967742
F: 0.05209677419
