R: 0.1422258065
S: 1
F: 0.05209677419
