R: 0.02667741935
S: 0.9033225806
F: 0.03293548387
