R: 0.04593548387
S: 0.9677741935
F: 0.01058064516
