R: 0.2
S: 0.5166129032
F: 0.02974193548
