R: 0.1293870968
S: 0.9677741935
F: 0.06167741935
