R: 0.007419354839
S: 0.7421935484
F: 0.01696774194
