R: 0.161483871
S: 0.645516129
F: 0.03293548387
