R: 0.02025806452
S: 0.1299032258
F: 0.09361290323
