R: 0.1679032258
S: 0.8066451613
F: 0.06806451613
