R: 0.007419354839
S: 0.2265806452
F: 0.06806451613
