R: 0.07803225806
S: 0.8388709677
F: 0.08722580645
