R: 0.02667741935
S: 0.7099677419
F: 0.06806451613
