R: 0.1550645161
S: 0.9033225806
F: 0.09361290323
