R: 0.1807419355
S: 0.9355483871
F: 0.08722580645
