R: 0.02025806452
S: 0.1621290323
F: 0.09361290323
