R: 0.1486451613
S: 0.09767741935
F: 0.09361290323
