R: 0.06519354839
S: 0.3232580645
F: 0.07125806452
