R: 0.007419354839
S: 0.03322580645
F: 0.07125806452
