R: 0.09729032258
S: 0.645516129
F: 0.07764516129
