R: 0.1550645161
S: 0.001
F: 0.05848387097
