R: 0.01383870968
S: 0.001
F: 0.01377419355
