R: 0.1037096774
S: 0.9677741935
F: 0.09361290323
