R: 0.007419354839
S: 0.4199354839
F: 0.02016129032
