R: 0.03309677419
S: 0.6777419355
F: 0.07764516129
