R: 0.1229677419
S: 0.9355483871
F: 0.02016129032
