R: 0.09087096774
S: 0.0654516129
F: 0.07764516129
