R: 0.1101290323
S: 0.1299032258
F: 0.007387096774
