R: 0.0844516129
S: 0.2910322581
F: 0.04251612903
