R: 0.1422258065
S: 0.9355483871
F: 0.06487096774
