R: 0.1037096774
S: 0.03322580645
F: 0.0265483871
