R: 0.1358064516
S: 0.4843870968
F: 0.09361290323
