R: 0.04593548387
S: 0.001
F: 0.02335483871
