R: 0.1807419355
S: 0.2265806452
F: 0.0744516129
