R: 0.1871612903
S: 0.1943548387
F: 0.02335483871
