R: 0.01383870968
S: 0.8066451613
F: 0.09680645161
