R: 0.1486451613
S: 0.9677741935
F: 0.01377419355
