R: 0.2
S: 0.4843870968
F: 0.07125806452
