R: 0.01383870968
S: 0.7099677419
F: 0.04570967742
