R: 0.001
S: 0.9677741935
F: 0.02016129032
