R: 0.07803225806
S: 0.4199354839
F: 0.07764516129
