R: 0.06519354839
S: 0.9355483871
F: 0.05848387097
