R: 0.1037096774
S: 0.1621290323
F: 0.07764516129
