R: 0.03309677419
S: 0.9677741935
F: 0.004193548387
