R: 0.09729032258
S: 0.9355483871
F: 0.09361290323
