R: 0.1935806452
S: 0.4521612903
F: 0.09680645161
