R: 0.05877419355
S: 0.4199354839
F: 0.03612903226
