R: 0.1101290323
S: 0.3232580645
F: 0.08083870968
