R: 0.05235483871
S: 0.5166129032
F: 0.09361290323
