R: 0.1486451613
S: 0.6132903226
F: 0.06167741935
