R: 0.05235483871
S: 0.1299032258
F: 0.05209677419
