R: 0.1422258065
S: 0.1299032258
F: 0.03612903226
