R: 0.1679032258
S: 0.03322580645
F: 0.03932258065
