R: 0.0844516129
S: 0.03322580645
F: 0.09680645161
