R: 0.161483871
S: 0.2910322581
F: 0.05848387097
