R: 0.1679032258
S: 0.5810645161
F: 0.02016129032
