R: 0.007419354839
S: 0.9677741935
F: 0.08403225806
