R: 0.1935806452
S: 1
F: 0.03612903226
