R: 0.007419354839
S: 0.4521612903
F: 0.06806451613
