R: 0.05877419355
S: 0.9677741935
F: 0.06167741935
