R: 0.1358064516
S: 0.5488387097
F: 0.09361290323
