R: 0.1037096774
S: 0.5488387097
F: 0.07125806452
