R: 0.1807419355
S: 0.3232580645
F: 0.03932258065
