R: 0.1165483871
S: 0.7421935484
F: 0.03612903226
