R: 0.1935806452
S: 0.9355483871
F: 0.05209677419
