R: 0.07161290323
S: 0.7744193548
F: 0.08083870968
