R: 0.03951612903
S: 0.1943548387
F: 0.004193548387
