R: 0.1358064516
S: 0.7099677419
F: 0.05529032258
