R: 0.2
S: 0.3232580645
F: 0.08403225806
