R: 0.07161290323
S: 0.2265806452
F: 0.08722580645
