R: 0.02025806452
S: 0.4843870968
F: 0.01696774194
