R: 0.1679032258
S: 0.09767741935
F: 0.007387096774
