R: 0.1486451613
S: 0.4521612903
F: 0.07125806452
