R: 0.09087096774
S: 0.645516129
F: 0.01058064516
