R: 0.01383870968
S: 0.03322580645
F: 0.01377419355
