R: 0.1358064516
S: 1
F: 0.09680645161
