R: 0.04593548387
S: 0.6132903226
F: 0.08083870968
