R: 0.1743225806
S: 1
F: 0.06487096774
