R: 0.1679032258
S: 0.3877096774
F: 0.03293548387
