R: 0.02667741935
S: 0.03322580645
F: 0.02335483871
