R: 0.1871612903
S: 0.7421935484
F: 0.0744516129
