R: 0.07161290323
S: 0.5488387097
F: 0.01696774194
