R: 0.03309677419
S: 0.1299032258
F: 0.09041935484
