R: 0.0844516129
S: 0.5810645161
F: 0.05848387097
