R: 0.0844516129
S: 0.4843870968
F: 0.09361290323
