R: 0.07161290323
S: 0.6132903226
F: 0.03612903226
