R: 0.1165483871
S: 0.3232580645
F: 0.05209677419
