R: 0.1871612903
S: 0.355483871
F: 0.04570967742
