R: 0.01383870968
S: 0.5488387097
F: 0.06487096774
