R: 0.09729032258
S: 0.1299032258
F: 0.03932258065
