R: 0.03309677419
S: 0.2265806452
F: 0.09680645161
