R: 0.1871612903
S: 0.09767741935
F: 0.06487096774
