R: 0.1229677419
S: 0.001
F: 0.0265483871
