R: 0.1743225806
S: 0.7099677419
F: 0.01377419355
