R: 0.1422258065
S: 0.1621290323
F: 0.08403225806
