R: 0.02667741935
S: 0.001
F: 0.004193548387
