R: 0.1807419355
S: 0.2910322581
F: 0.03612903226
