R: 0.07161290323
S: 0.2588064516
F: 0.06806451613
