R: 0.02025806452
S: 0.4199354839
F: 0.0744516129
