R: 0.0844516129
S: 1
F: 0.01377419355
