R: 0.06519354839
S: 0.0654516129
F: 0.004193548387
