R: 0.1358064516
S: 0.3232580645
F: 0.02016129032
