R: 0.05235483871
S: 0.09767741935
F: 0.02016129032
