R: 0.1293870968
S: 0.9033225806
F: 0.06487096774
