R: 0.02025806452
S: 0.1621290323
F: 0.01377419355
