R: 0.1550645161
S: 0.2265806452
F: 0.08403225806
