R: 0.161483871
S: 0.355483871
F: 0.09361290323
