R: 0.05877419355
S: 0.3877096774
F: 0.02016129032
