R: 0.2
S: 0.7421935484
F: 0.07125806452
