R: 0.1422258065
S: 0.0654516129
F: 0.04890322581
