R: 0.03951612903
S: 0.2910322581
F: 0.004193548387
