R: 0.01383870968
S: 0.645516129
F: 0.04251612903
