R: 0.001
S: 0.4199354839
F: 0.06487096774
