R: 0.1293870968
S: 1
F: 0.02335483871
