R: 0.0844516129
S: 0.645516129
F: 0.02335483871
