R: 0.03309677419
S: 0.5166129032
F: 0.03932258065
