R: 0.1935806452
S: 0.8710967742
F: 0.02016129032
