R: 0.1101290323
S: 0.001
F: 0.0744516129
