R: 0.1293870968
S: 0.03322580645
F: 0.06167741935
