R: 0.05235483871
S: 0.355483871
F: 0.004193548387
