R: 0.04593548387
S: 0.5166129032
F: 0.007387096774
