R: 0.1486451613
S: 0.7421935484
F: 0.01377419355
