R: 0.09087096774
S: 0.1621290323
F: 0.05529032258
