R: 0.1293870968
S: 0.355483871
F: 0.09041935484
