R: 0.07803225806
S: 0.9355483871
F: 0.09361290323
