R: 0.001
S: 0.355483871
F: 0.02335483871
