R: 0.03951612903
S: 1
F: 0.0265483871
