R: 0.1486451613
S: 0.7099677419
F: 0.07125806452
