R: 0.06519354839
S: 0.645516129
F: 0.004193548387
