R: 0.0844516129
S: 0.001
F: 0.03932258065
