R: 0.07161290323
S: 0.645516129
F: 0.02335483871
