R: 0.161483871
S: 0.5810645161
F: 0.04890322581
