R: 0.1165483871
S: 0.6132903226
F: 0.004193548387
