R: 0.1037096774
S: 0.8710967742
F: 0.06167741935
