R: 0.1743225806
S: 0.4843870968
F: 0.05529032258
