R: 0.161483871
S: 0.09767741935
F: 0.05209677419
