R: 0.09729032258
S: 0.0654516129
F: 0.04890322581
