R: 0.1743225806
S: 0.9033225806
F: 0.03932258065
