R: 0.1358064516
S: 0.001
F: 0.01377419355
