R: 0.1679032258
S: 0.9033225806
F: 0.06806451613
