R: 0.02667741935
S: 0.09767741935
F: 0.0265483871
