R: 0.001
S: 0.8066451613
F: 0.08722580645
