R: 0.1358064516
S: 0.6777419355
F: 0.02016129032
