R: 0.1935806452
S: 0.8710967742
F: 0.05209677419
