R: 0.161483871
S: 0.001
F: 0.004193548387
