R: 0.05235483871
S: 0.3232580645
F: 0.06167741935
