R: 0.03951612903
S: 0.8066451613
F: 0.03293548387
