R: 0.1743225806
S: 0.1621290323
F: 0.09041935484
