R: 0.02025806452
S: 0.4521612903
F: 0.0744516129
