R: 0.03309677419
S: 0.4843870968
F: 0.05848387097
