R: 0.06519354839
S: 0.8066451613
F: 0.03932258065
