R: 0.03951612903
S: 0.9677741935
F: 0.07125806452
