R: 0.1165483871
S: 0.7744193548
F: 0.06487096774
