R: 0.02025806452
S: 0.645516129
F: 0.05529032258
