R: 0.2
S: 0.5810645161
F: 0.0265483871
