R: 0.02025806452
S: 0.7744193548
F: 0.04251612903
