R: 0.001
S: 0.2588064516
F: 0.0265483871
