R: 0.06519354839
S: 0.8388709677
F: 0.09361290323
