R: 0.07803225806
S: 0.1621290323
F: 0.1
