R: 0.09087096774
S: 0.8066451613
F: 0.05848387097
