R: 0.05877419355
S: 0.09767741935
F: 0.05209677419
