R: 0.07803225806
S: 0.2265806452
F: 0.004193548387
