R: 0.05877419355
S: 0.5166129032
F: 0.04570967742
