R: 0.1229677419
S: 0.7421935484
F: 0.03932258065
