R: 0.03951612903
S: 0.6777419355
F: 0.07125806452
