R: 0.04593548387
S: 0.3877096774
F: 0.05848387097
