R: 0.02667741935
S: 0.0654516129
F: 0.02335483871
