R: 0.1743225806
S: 0.6777419355
F: 0.1
