R: 0.09729032258
S: 0.7744193548
F: 0.01377419355
