R: 0.05877419355
S: 0.9355483871
F: 0.0744516129
