R: 0.06519354839
S: 1
F: 0.03932258065
