R: 0.03309677419
S: 0.0654516129
F: 0.08722580645
