R: 0.1037096774
S: 0.8066451613
F: 0.02335483871
