R: 0.1229677419
S: 0.4199354839
F: 0.0744516129
