R: 0.1358064516
S: 0.8066451613
F: 0.02335483871
