R: 0.09729032258
S: 0.09767741935
F: 0.09361290323
