R: 0.0844516129
S: 0.1621290323
F: 0.01058064516
