R: 0.001
S: 0.4521612903
F: 0.05529032258
