R: 0.01383870968
S: 0.2265806452
F: 0.01696774194
