R: 0.0844516129
S: 0.8710967742
F: 0.05529032258
