R: 0.1743225806
S: 0.2588064516
F: 0.04251612903
