R: 0.02667741935
S: 0.1943548387
F: 0.07125806452
