R: 0.02667741935
S: 0.355483871
F: 0.001
