R: 0.02025806452
S: 0.8710967742
F: 0.004193548387
