R: 0.1486451613
S: 0.355483871
F: 0.01377419355
