R: 0.04593548387
S: 0.7421935484
F: 0.04570967742
