R: 0.09729032258
S: 0.2588064516
F: 0.09361290323
