R: 0.1037096774
S: 0.9355483871
F: 0.09680645161
