R: 0.1550645161
S: 0.03322580645
F: 0.0744516129
