R: 0.001
S: 0.8710967742
F: 0.03932258065
