R: 0.1550645161
S: 0.6777419355
F: 0.09361290323
