R: 0.1871612903
S: 0.6132903226
F: 0.02016129032
