R: 0.02667741935
S: 0.9355483871
F: 0.09041935484
