R: 0.1935806452
S: 0.0654516129
F: 0.05209677419
