R: 0.01383870968
S: 0.9033225806
F: 0.1
