R: 0.1871612903
S: 0.001
F: 0.09361290323
