R: 0.05235483871
S: 0.1621290323
F: 0.05529032258
