R: 0.0844516129
S: 0.7744193548
F: 0.02974193548
