R: 0.1293870968
S: 0.1621290323
F: 0.01377419355
