R: 0.02025806452
S: 0.7421935484
F: 0.001
