R: 0.1679032258
S: 0.0654516129
F: 0.05209677419
