R: 0.1486451613
S: 0.645516129
F: 0.08722580645
