R: 0.1165483871
S: 0.5810645161
F: 0.04570967742
