R: 0.1165483871
S: 0.1621290323
F: 0.05209677419
