R: 0.161483871
S: 0.0654516129
F: 0.08083870968
