R: 0.1165483871
S: 0.5166129032
F: 0.03932258065
