R: 0.007419354839
S: 0.0654516129
F: 0.07764516129
