R: 0.05235483871
S: 0.03322580645
F: 0.0744516129
