R: 0.03309677419
S: 0.1621290323
F: 0.1
