R: 0.03309677419
S: 0.9033225806
F: 0.06167741935
