R: 0.1101290323
S: 0.2910322581
F: 0.07125806452
