R: 0.01383870968
S: 0.3877096774
F: 0.08403225806
