R: 0.0844516129
S: 0.7421935484
F: 0.0744516129
