R: 0.001
S: 0.7421935484
F: 0.03293548387
