R: 0.1807419355
S: 0.645516129
F: 0.02016129032
