R: 0.001
S: 0.7421935484
F: 0.01377419355
