R: 0.1165483871
S: 0.9355483871
F: 0.01058064516
