R: 0.1807419355
S: 1
F: 0.01696774194
