R: 0.1101290323
S: 0.7099677419
F: 0.03932258065
