R: 0.02667741935
S: 1
F: 0.01377419355
