R: 0.09087096774
S: 0.1621290323
F: 0.01377419355
