R: 0.09087096774
S: 1
F: 0.01377419355
