R: 0.0844516129
S: 0.6132903226
F: 0.05529032258
