R: 0.03951612903
S: 0.1621290323
F: 0.08403225806
