R: 0.01383870968
S: 0.0654516129
F: 0.004193548387
