R: 0.02025806452
S: 0.5166129032
F: 0.04251612903
