R: 0.1550645161
S: 0.4199354839
F: 0.08722580645
