R: 0.161483871
S: 0.6132903226
F: 0.04570967742
