R: 0.2
S: 0.1299032258
F: 0.09361290323
