R: 0.09729032258
S: 0.2265806452
F: 0.01377419355
