R: 0.1935806452
S: 1
F: 0.004193548387
