R: 0.1101290323
S: 0.645516129
F: 0.004193548387
