R: 0.1486451613
S: 0.9355483871
F: 0.05529032258
