R: 0.1422258065
S: 0.3877096774
F: 0.1
