R: 0.04593548387
S: 0.9033225806
F: 0.01377419355
