R: 0.04593548387
S: 0.5166129032
F: 0.01058064516
