R: 0.0844516129
S: 0.3877096774
F: 0.02335483871
