R: 0.07161290323
S: 0.355483871
F: 0.08722580645
