R: 0.02025806452
S: 0.6777419355
F: 0.01696774194
