R: 0.1486451613
S: 0.4199354839
F: 0.02335483871
