R: 0.1101290323
S: 0.03322580645
F: 0.03293548387
