R: 0.1935806452
S: 0.1943548387
F: 0.01058064516
