R: 0.0844516129
S: 0.09767741935
F: 0.09361290323
