R: 0.1229677419
S: 0.8066451613
F: 0.02335483871
