R: 0.06519354839
S: 0.9677741935
F: 0.05209677419
