R: 0.1807419355
S: 0.2588064516
F: 0.03293548387
