R: 0.03309677419
S: 0.2910322581
F: 0.02974193548
