R: 0.05235483871
S: 0.2910322581
F: 0.04251612903
