R: 0.1101290323
S: 0.6777419355
F: 0.05209677419
