R: 0.1293870968
S: 0.5166129032
F: 0.01696774194
