R: 0.1101290323
S: 0.7744193548
F: 0.02335483871
