R: 0.2
S: 0.2588064516
F: 0.06487096774
