R: 0.09087096774
S: 0.7421935484
F: 0.09680645161
