R: 0.03309677419
S: 0.3232580645
F: 0.09680645161
