R: 0.1807419355
S: 0.5810645161
F: 0.02016129032
