R: 0.007419354839
S: 0.5810645161
F: 0.05848387097
