R: 0.2
S: 0.645516129
F: 0.01377419355
