R: 0.2
S: 0.5166129032
F: 0.0744516129
