R: 0.1293870968
S: 0.5810645161
F: 0.02335483871
