R: 0.1165483871
S: 0.8066451613
F: 0.02974193548
