R: 0.03309677419
S: 0.3877096774
F: 0.08083870968
