R: 0.04593548387
S: 0.03322580645
F: 0.09361290323
