R: 0.1358064516
S: 0.1943548387
F: 0.09361290323
