R: 0.1293870968
S: 0.3232580645
F: 0.07125806452
