R: 0.1037096774
S: 0.5166129032
F: 0.07764516129
