R: 0.1743225806
S: 0.2910322581
F: 0.02016129032
