R: 0.1807419355
S: 0.4199354839
F: 0.0744516129
