R: 0.1422258065
S: 0.645516129
F: 0.01696774194
