R: 0.04593548387
S: 0.8388709677
F: 0.05848387097
