R: 0.02667741935
S: 0.6777419355
F: 0.0744516129
