R: 0.1486451613
S: 0.8066451613
F: 0.01696774194
