R: 0.02025806452
S: 0.03322580645
F: 0.0744516129
