R: 0.1293870968
S: 0.4199354839
F: 0.02016129032
