R: 0.09087096774
S: 0.7099677419
F: 0.02335483871
