R: 0.1743225806
S: 0.9677741935
F: 0.07764516129
