R: 0.03309677419
S: 0.09767741935
F: 0.03612903226
