R: 0.1422258065
S: 0.8710967742
F: 0.0744516129
