R: 0.02025806452
S: 0.5810645161
F: 0.05209677419
