R: 0.04593548387
S: 0.1621290323
F: 0.01377419355
