R: 0.001
S: 0.8388709677
F: 0.09680645161
