R: 0.02025806452
S: 0.2588064516
F: 0.0744516129
