R: 0.07803225806
S: 0.03322580645
F: 0.05848387097
