R: 0.001
S: 0.645516129
F: 0.02974193548
