R: 0.1871612903
S: 0.7099677419
F: 0.04890322581
