R: 0.1293870968
S: 0.1943548387
F: 0.01377419355
