R: 0.1486451613
S: 0.2588064516
F: 0.02016129032
