R: 0.1165483871
S: 0.2265806452
F: 0.02335483871
