R: 0.01383870968
S: 0.8710967742
F: 0.0265483871
