R: 0.05877419355
S: 0.1299032258
F: 0.08403225806
