R: 0.1358064516
S: 0.7421935484
F: 0.02335483871
