R: 0.09087096774
S: 0.8710967742
F: 0.05529032258
