R: 0.161483871
S: 0.4521612903
F: 0.04251612903
