R: 0.03309677419
S: 0.355483871
F: 0.01377419355
