R: 0.03309677419
S: 0.4199354839
F: 0.03932258065
