R: 0.1679032258
S: 0.6777419355
F: 0.07125806452
