R: 0.05235483871
S: 0.4843870968
F: 0.07764516129
