R: 0.07803225806
S: 0.09767741935
F: 0.004193548387
