R: 0.09087096774
S: 0.03322580645
F: 0.05529032258
