R: 0.07161290323
S: 0.03322580645
F: 0.004193548387
