R: 0.1550645161
S: 0.5488387097
F: 0.08083870968
