R: 0.02025806452
S: 0.6132903226
F: 0.02335483871
