R: 0.1935806452
S: 0.5488387097
F: 0.01058064516
