R: 0.161483871
S: 0.8710967742
F: 0.06487096774
