R: 0.1037096774
S: 1
F: 0.0744516129
