R: 0.1229677419
S: 0.0654516129
F: 0.04570967742
