R: 0.1422258065
S: 0.2588064516
F: 0.04251612903
