R: 0.0844516129
S: 0.3232580645
F: 0.08083870968
