R: 0.1422258065
S: 0.4199354839
F: 0.06806451613
