R: 0.1229677419
S: 0.9033225806
F: 0.04251612903
