R: 0.1935806452
S: 0.2265806452
F: 0.007387096774
