R: 0.01383870968
S: 0.5166129032
F: 0.0265483871
