R: 0.02667741935
S: 0.001
F: 0.03612903226
