R: 0.1743225806
S: 0.5488387097
F: 0.02016129032
