R: 0.05235483871
S: 0.001
F: 0.09041935484
