R: 0.0844516129
S: 0.5166129032
F: 0.05848387097
