R: 0.05235483871
S: 1
F: 0.09041935484
