R: 0.1358064516
S: 0.3877096774
F: 0.07764516129
