R: 0.05877419355
S: 0.8066451613
F: 0.001
