R: 0.02025806452
S: 1
F: 0.03293548387
