R: 0.07161290323
S: 0.3232580645
F: 0.08722580645
