R: 0.1935806452
S: 0.8388709677
F: 0.05209677419
