R: 0.1165483871
S: 0.2588064516
F: 0.05848387097
