R: 0.1037096774
S: 0.4521612903
F: 0.03293548387
