R: 0.2
S: 0.9033225806
F: 0.01696774194
