R: 0.161483871
S: 0.9033225806
F: 0.05209677419
