R: 0.1229677419
S: 0.8388709677
F: 0.02335483871
