R: 0.1935806452
S: 0.6777419355
F: 0.0744516129
