R: 0.1550645161
S: 0.3877096774
F: 0.03932258065
