R: 0.0844516129
S: 0.8388709677
F: 0.01377419355
